-1.875170897387380009e+01 1.953815055989195315e+01 -2.616493104569050132e+01 1.836077534256241606e+01
-1.846320037154306348e+01 2.234910386176690267e+01 -2.636059023655252531e+01 2.042372723819908131e+01
-2.000397888407809788e+01 3.402186263612173889e+01 -2.861103761827647673e+01 2.152414434700706991e+01
-2.370658953760113974e+01 5.421426338252479127e+01 -3.300480587377276720e+01 2.001722108842906778e+01
-2.889908094705893760e+01 7.356370955439277282e+01 -3.844883696035185494e+01 1.507685504663374765e+01
-3.380075363112291598e+01 7.983247230696655095e+01 -4.272924857333526205e+01 7.629222933116445837e+00
-3.622546046037232514e+01 6.719156585146552629e+01 -4.343387092905705771e+01 3.517310079124363331e-01
-3.392534038102373728e+01 3.570121158170228171e+01 -3.843114248967898305e+01 -2.690960168877851277e+00
-2.540508449155996828e+01 -9.076239855437160386e+00 -2.704764091175131568e+01 3.193025366875108517e+00
-1.289652777632953651e+01 -5.281547577709613250e+01 -1.304854036348062962e+01 1.986172354710733146e+01
-2.918241141965608243e+00 -7.362245627615618560e+01 -3.960377004985890625e+00 4.366320500249741343e+01
-7.083084435801257905e-01 -2.841309543756875300e+01 -4.917790680053609975e+00 7.167972162250657675e+01
-8.208411558378726269e+00 1.640630926916796852e+02 -1.844548351165122213e+01 1.147846757319413626e+02
-3.168702773160068276e+01 5.487670390672097938e+02 -5.420528014010980655e+01 2.095595743173592496e+02
-5.879885769539596652e+01 6.202083984935663921e+02 -8.483206902602796617e+01 2.085694263355386795e+02
-1.281378616498037282e+01 -1.861073319294002886e+02 -7.202784203827888199e+00 -6.529799260717231846e+01
9.784448786161178191e+00 -3.973640799505770929e+02 2.474771168653006725e+01 -1.298835857023991878e+02
1.618966259460846757e+01 -4.204111502361731141e+02 3.262716213181893465e+01 -1.340012010081864275e+02
1.843069907582568945e+01 -4.164875211143759657e+02 3.500375502424943619e+01 -1.307571070318651607e+02
1.938717934748419935e+01 -4.106923562077913630e+02 3.587772063803321743e+01 -1.276751743181063432e+02
1.985743150596101003e+01 -4.066696169576753164e+02 3.625717201658434163e+01 -1.255878612171601816e+02
2.011104365102641367e+01 -4.043733411507959659e+02 3.644673876071735208e+01 -1.243163023678745418e+02
2.025540553182894499e+01 -4.032344614317167384e+02 3.655229949293046587e+01 -1.235911216059799500e+02
2.033969590845152098e+01 -4.027692006342663831e+02 3.661543548809546422e+01 -1.232031077663092162e+02
2.038916593526601773e+01 -4.026560570348127612e+02 3.665466597919127167e+01 -1.230117061484564971e+02
2.041791030187472700e+01 -4.027036361690574608e+02 3.667936790745299902e+01 -1.229287348457970381e+02
2.043422929497583951e+01 -4.028068856819148209e+02 3.669486394563014642e+01 -1.229015305046793429e+02
2.044313103784677565e+01 -4.029132833796837190e+02 3.670440757952730593e+01 -1.229000708652751825e+02
2.044768285673010055e+01 -4.030002936152354209e+02 3.671010487063422545e+01 -1.229082116324942575e+02
2.044975246863863205e+01 -4.030614357262828662e+02 3.671333929108234173e+01 -1.229179044680355446e+02
2.045046728191931606e+01 -4.030980488494445240e+02 3.671502886604496751e+01 -1.229256811368025808e+02
2.045047762171636663e+01 -4.031145844642474572e+02 3.671575632698829850e+01 -1.229304464619848574e+02
2.045017116178159711e+01 -4.031163572200742351e+02 3.671592021501925274e+01 -1.229323082168134817e+02
2.044976205049331242e+01 -4.031082979558603370e+02 3.671577742886235995e+01 -1.229318720280394928e+02
2.044935926876408416e+01 -4.030944338813763466e+02 3.671548665645531173e+01 -1.229298339616617710e+02
2.044901377287820665e+01 -4.030778323026872272e+02 3.671514580129708349e+01 -1.229268434733766924e+02
2.044874435764358367e+01 -4.030606490138222284e+02 3.671481326835971259e+01 -1.229234270996077356e+02
2.044854266313699753e+01 -4.030442414662971942e+02 3.671450832241855267e+01 -1.229199394785156016e+02
2.044841691521614280e+01 -4.030295261544308687e+02 3.671426633694512276e+01 -1.229166723832117469e+02
2.044834499255058802e+01 -4.030168186541653199e+02 3.671407664936128867e+01 -1.229137471341493040e+02
2.044830924580858422e+01 -4.030061699940364406e+02 3.671392764125960895e+01 -1.229112221858499083e+02
2.044831370459429820e+01 -4.029976111226932858e+02 3.671383264205366004e+01 -1.229091302083059958e+02
2.044833911004112537e+01 -4.029908606875426358e+02 3.671377176890201355e+01 -1.229074537069077024e+02
2.044838243654189824e+01 -4.029856911063586722e+02 3.671374269878240426e+01 -1.229061435109910860e+02
2.044842903936948630e+01 -4.029818116769023959e+02 3.671372712353682743e+01 -1.229051237947148820e+02
2.044846990292927202e+01 -4.029789135689510431e+02 3.671371331888807532e+01 -1.229043407826649315e+02
2.044849402368919655e+01 -4.029767120687776014e+02 3.671368640679543205e+01 -1.229037197285905449e+02
2.044850278862437420e+01 -4.029750825079483434e+02 3.671365058012818139e+01 -1.229032503346577272e+02
2.044847611094806439e+01 -4.029737519763713749e+02 3.671358362558794397e+01 -1.229028548628535589e+02
2.044841429275245659e+01 -4.029726801886218368e+02 3.671349194391296322e+01 -1.229025249188044739e+02
2.044830025802002282e+01 -4.029717295128979799e+02 3.671336390641403113e+01 -1.229022260614231215e+02
2.044812078068993344e+01 -4.029708319271522896e+02 3.671319624503094303e+01 -1.229019296416282856e+02
2.044789130080189210e+01 -4.029701573170707434e+02 3.671302979097925601e+01 -1.229017005618475764e+02
2.044760365406965974e+01 -4.029698196018318299e+02 3.671288254564744591e+01 -1.229015820481057517e+02
2.044729936960672134e+01 -4.029702733642980661e+02 3.671284430834818835e+01 -1.229017077587974569e+02
2.044701475034515070e+01 -4.029720703220395990e+02 3.671300798831495626e+01 -1.229022539013698463e+02
2.044686112831168856e+01 -4.029762062583473039e+02 3.671357403181274748e+01 -1.229035430109797602e+02
2.044697450258501803e+01 -4.029839892717055818e+02 3.671478525247439961e+01 -1.229059826250829275e+02
2.044758464008742394e+01 -4.029973401944221223e+02 3.671701412020502886e+01 -1.229101765929041221e+02
2.044902052356726685e+01 -4.030188246107321675e+02 3.672076799881534726e+01 -1.229169419462355535e+02
2.045173307827354847e+01 -4.030517702060253100e+02 3.672671179869630009e+01 -1.229273293557329083e+02
2.045636510393726226e+01 -4.031006325981304030e+02 3.673575093525315083e+01 -1.229427511145968879e+02
2.046375361917339220e+01 -4.031709539506542797e+02 3.674902204862647892e+01 -1.229649639513203567e+02
2.047499219378082813e+01 -4.032695914460247195e+02 3.676795444372027788e+01 -1.229961432645408905e+02
2.049146910122112430e+01 -4.034048059368105328e+02 3.679429556405719381e+01 -1.230389117455390817e+02
2.051490454535133523e+01 -4.035862858454817115e+02 3.683012767661062270e+01 -1.230963471873667601e+02
2.054737716653953683e+01 -4.038250515464496289e+02 3.687786295716452400e+01 -1.231719535307553315e+02
2.059132824071305379e+01 -4.041331679719272074e+02 3.694020180394385733e+01 -1.232695718117823844e+02
2.064953609859792039e+01 -4.045232488432765194e+02 3.702004574409463800e+01 -1.233932164328733307e+02
2.072504064445709204e+01 -4.050075622692247634e+02 3.712034127818669305e+01 -1.235468086096841489e+02
2.082099974082066751e+01 -4.055967948759959540e+02 3.724383558938184535e+01 -1.237337725576289955e+02
2.094046644115556077e+01 -4.062983544495534716e+02 3.739273899888245012e+01 -1.239565016510174758e+02
2.108598988196597901e+01 -4.071136626944784211e+02 3.756817784890587575e+01 -1.242155074572835645e+02
2.125912745786429525e+01 -4.080352385105214807e+02 3.776957368211692767e+01 -1.245084736129151679e+02
2.145968912969459197e+01 -4.090424991541943882e+02 3.799374782690682650e+01 -1.248289487034424212e+02
2.168474875723543960e+01 -4.100969104852267719e+02 3.823383649671841766e+01 -1.251647904477410407e+02
2.192735149306656339e+01 -4.111363115947553410e+02 3.847798768579198736e+01 -1.254963644990604195e+02
2.217490007620745018e+01 -4.120688519389142357e+02 3.870789899447127880e+01 -1.257946154635147167e+02
2.240724975191908186e+01 -4.127672966785074209e+02 3.889733619312490021e+01 -1.260192563736849252e+02
2.259464071721306055e+01 -4.130650880250708497e+02 3.901090924469031052e+01 -1.261175195916520266e+02
2.269575786038096865e+01 -4.127563085529727118e+02 3.900356932416277544e+01 -1.260241605519532726e+02
2.265642570610155104e+01 -4.116023798090540140e+02 3.882149209437211823e+01 -1.256636319377029736e+02
2.240966562890287861e+01 -4.093483407118598620e+02 3.840512204335767166e+01 -1.249553646454174185e+02
2.187791599735083636e+01 -4.057498266622421284e+02 3.769496023443619492e+01 -1.238225680343543473e+02
2.097789972533111325e+01 -4.006070362306552397e+02 3.663989337255293322e+01 -1.222034611325433389e+02
1.962768280761869377e+01 -3.937931006243177308e+02 3.520626876677429351e+01 -1.200610765732922545e+02
1.775398334266205325e+01 -3.852522888333635365e+02 3.338368458780382042e+01 -1.173840357486947141e+02
1.529662699879925114e+01 -3.749324740457917642e+02 3.118144273342835504e+01 -1.141672641931108387e+02
1.220819030171874076e+01 -3.626137685369341739e+02 2.860930702888122568e+01 -1.103608119778770629e+02
8.453293893911514090e+00 -3.476138832728437933e+02 2.563946637463165601e+01 -1.057804760045714971e+02
4.026562348214198117e+00 -3.284217970111370164e+02 2.215634579580888897e+01 -9.999475305426976490e+01
-9.714597588568274489e-01 -3.025127131315113616e+02 1.792396415823946398e+01 -9.226175148577145535e+01
-6.163480073381384372e+00 -2.670014870019546720e+02 1.264280331852087080e+01 -8.171042658722092256e+01
-1.070321378547497737e+01 -2.209858551513119096e+02 6.185285311812055653e+00 -6.802793248371762047e+01
-1.338227258388492658e+01 -1.688155911811263366e+02 -1.075758425111112526e+00 -5.246283476018768255e+01
-1.329412796908087557e+01 -1.200435292414359623e+02 -8.302828277206728558e+00 -3.794870090732257495e+01
-1.048937326527932790e+01 -8.350554922707303263e+01 -1.490861316710003415e+01 -2.768448947595580023e+01
-5.791505788671992505e+00 -6.120474808909792586e+01 -2.162162189873613016e+01 -2.427297324672196055e+01
0.000000000000000000e+00 -4.577999894157050420e+01 -3.333333358168601279e+01 -3.333333358170915517e+01
