0.000000000000000000e+00 0.000000000000000000e+00 0.000000000000000000e+00 0.000000000000000000e+00
0.000000000000000000e+00 0.000000000000000000e+00 8.517133598215878010e-01 -8.517133598215878010e-01
8.517133409623056650e-02 -8.517133409623056650e-02 1.416167741757817566e+00 -1.416167741757817566e+00
2.267881035731988959e-01 -2.267881035731988959e-01 1.688070289794268319e+00 -1.603632573036520625e+00
3.955951342359185219e-01 -3.871513586491346359e-01 1.696742177009582520e+00 -1.391505479579791427e+00
5.652693509928212734e-01 -5.263019187714235159e-01 1.520339846596471034e+00 -8.577802777290344238e-01
7.173033338067398290e-01 -6.120799779891967773e-01 1.244520187276066281e+00 -1.264924108982086182e-01
8.417553296312689781e-01 -6.247292160987854004e-01 9.006244540214538574e-01 7.186248898506164551e-01
9.318177708773873746e-01 -5.528666973259532824e-01 4.510778170078992844e-01 1.657026767730712891e+00
9.769255523569881916e-01 -3.871640264987945557e-01 -1.827874929876998067e-01 2.711611986273055663e+00
9.586467737972270697e-01 -1.160028185731789563e-01 -1.052042845629330259e+00 3.886918321251869202e+00
8.534424901299644262e-01 2.726890165358781815e-01 -2.017770290607586503e+00 4.959699153900146484e+00
6.516654491424560547e-01 7.686589360237121582e-01 -2.606155868619680405e+00 5.262138842605054379e+00
3.910498623736202717e-01 1.294872880913317204e+00 -2.474452264585124794e+00 4.485500811715610325e+00
1.436046361923217773e-01 1.743422985142387915e+00 -1.977940797834889963e+00 3.406340600922703743e+00
-5.418944731354713440e-02 2.084057092717557680e+00 -1.463651046156883240e+00 2.528261169791221619e+00
-2.005545496940612793e-01 2.336883306503295898e+00 -1.012991793424589559e+00 1.894947886583395302e+00
-3.018537163716246141e-01 2.526378154754638672e+00 -6.384254773147404194e-01 1.447705269791185856e+00
-3.656962518580257893e-01 2.671148777066264302e+00 -3.405217230319976807e-01 1.124819994904100895e+00
-3.997484156825521495e-01 2.783630848396569490e+00 -1.135216727998340502e-01 8.824907541275024414e-01
-4.111005952581763268e-01 2.871879816055297852e+00 5.245209857821464539e-02 6.942349234122957569e-01
-4.058553873983328231e-01 2.941303252242505550e+00 1.686221663840115070e-01 5.448130974546074867e-01
-3.889931737794540823e-01 2.995784528611693531e+00 2.456139322021044791e-01 4.250928768888115883e-01
-3.644317677244544029e-01 3.038293845544103533e+00 2.925728271220577881e-01 3.290219753980636597e-01
-3.351744702667929232e-01 3.071196064818650484e+00 3.169682919979095459e-01 2.521314024925231934e-01
-3.034776439890265465e-01 3.096409335703356192e+00 3.247300982475280762e-01 1.908719837665557861e-01
-2.710046470165252686e-01 3.115496635437011719e+00 3.204932222142815590e-01 1.423296621069312096e-01
-2.389553180555594736e-01 3.129729494452476501e+00 3.078462779521942139e-01 1.040897360071539879e-01
-2.081706971075618640e-01 3.140138380695134401e+00 2.895506341010332108e-01 7.415791507810354233e-02
-1.792156398296356201e-01 3.147554144263267517e+00 2.677170932001899928e-01 5.089777708053588867e-02
-1.524439305649138987e-01 3.152643926441669464e+00 2.439456582069396973e-01 3.297497425228357315e-02
-1.280493587837554514e-01 3.155941500823246315e+00 2.194355130341136828e-01 1.930739195086061954e-02
-1.061058043851517141e-01 3.157872192095965147e+00 1.950710872188210487e-01 9.021196514368057251e-03
-8.659869519760832191e-02 3.158774375944631174e+00 1.714891492738388479e-01 1.411919132806360722e-03
-6.944978237152099609e-02 3.158915504376636818e+00 1.491324296221137047e-01 -4.087056033313274384e-03
-5.453653918812051415e-02 3.158506870269775391e+00 1.282930830493569374e-01 -7.930397056043148041e-03
-4.170723253628239036e-02 3.157713904976844788e+00 1.091433911351487041e-01 -1.048529427498579025e-02
-3.079289335255452897e-02 3.156665310729295015e+00 9.176772006321698427e-02 -1.204445771872997284e-02
-2.161612172494642437e-02 3.155460841488093138e+00 7.618132326751947403e-02 -1.284335361560806632e-02
-1.399798964848741889e-02 3.154176480602473021e+00 6.234895810484886169e-02 -1.307013723999261856e-02
-7.763093803077936172e-03 3.152869470417499542e+00 5.019883066415786743e-02 -1.287490129470825195e-02
-2.743210643529891968e-03 3.151582002639770508e+00 3.963385894894599915e-02 -1.237688399851322174e-02
1.220175297930836678e-03 3.150344378780573606e+00 3.054059587884694338e-02 -1.167030446231365204e-02
4.274235077900812030e-03 3.149177305400371552e+00 2.279527648352086544e-02 -1.083000097423791885e-02
6.553762592375278473e-03 3.148094409058103338e+00 1.627260353416204453e-02 -9.912008390529081225e-03
8.181023411452770233e-03 3.147103309631347656e+00 1.084426976740360260e-02 -8.962045423686504364e-03
9.265450782550033182e-03 3.146207094192504883e+00 6.387522909790277481e-03 -8.012798614799976349e-03
9.904203005135059357e-03 3.145405776798725128e+00 2.785176504403352737e-03 -7.088356651365756989e-03
1.018272060900926590e-02 3.144696950912475586e+00 -7.307319174287840724e-05 -6.205928046256303787e-03
1.017541345208883286e-02 3.144076362252235413e+00 -2.290619770064949989e-03 -5.378152709454298019e-03
9.946351870894432068e-03 3.143538475036621094e+00 -3.962325397878885269e-03 -4.613352008163928986e-03
9.550119750201702118e-03 3.143077127635478973e+00 -5.172741133719682693e-03 -3.914915956556797028e-03
9.032845497131347656e-03 3.142685651779174805e+00 -5.998408967570867389e-03 -3.284307196736335754e-03
8.433004841208457947e-03 3.142357118427753448e+00 -6.507243961095809937e-03 -2.720910822972655296e-03
7.782280445098876953e-03 3.142085090279579163e+00 -6.758923176676034927e-03 -2.222657436504960060e-03
7.106388045940548182e-03 3.141862876713275909e+00 -6.805396173149347305e-03 -1.786064472980797291e-03
6.425848230719566345e-03 3.141684294678270817e+00 -6.691840477287769318e-03 -1.407427014783024788e-03
5.756664089858531952e-03 3.141543626785278320e+00 -6.456524133682250977e-03 -1.082211732864379883e-03
5.111011676490306854e-03 3.141435384750366211e+00 -6.131866015493869781e-03 -8.056487422436475754e-04
4.497825168073177338e-03 3.141354806721210480e+00 -5.745023023337125778e-03 -5.730863776989281178e-04
3.923323005437850952e-03 3.141297586262226105e+00 -5.318426527082920074e-03 -3.798248071689158678e-04
3.391480306163430214e-03 3.141259670257568359e+00 -4.871313925832509995e-03 -2.221803879365324974e-04
2.904349006712436676e-03 3.141237497329711914e+00 -4.416961659444496036e-03 -9.448498894926160574e-05
2.462652744725346565e-03 3.141227945685386658e+00 -3.967424388974905014e-03 6.643908363912487403e-06
2.065910259261727333e-03 3.141228690510615706e+00 -3.531348193064332008e-03 8.495619113091379404e-05
1.712775439955294132e-03 3.141237258911132812e+00 -3.115353872999548912e-03 1.438883919036015868e-04
1.401240006089210510e-03 3.141251571476459503e+00 -2.724374644458293915e-03 1.862253266153857112e-04
1.128802534367423505e-03 3.141270168125629425e+00 -2.360421465709805489e-03 2.155697147827595472e-04
8.927604067139327526e-04 3.141291633248329163e+00 -2.025729510933160782e-03 2.338960039196535945e-04
6.901874439790844917e-04 3.141314975917339325e+00 -1.721104141324758530e-03 2.432058245176449418e-04
5.180770531296730042e-04 3.141339309513568878e+00 -1.447030459530651569e-03 2.448849845677614212e-04
3.733740013558417559e-04 3.141363859176635742e+00 -1.203298335894942284e-03 2.400792727712541819e-04
2.530441561248153448e-04 3.141387932002544403e+00 -9.880011202767491341e-04 2.309292176505550742e-04
1.542440440971404314e-04 3.141411066055297852e+00 -7.997957873158156872e-04 2.183099568355828524e-04
7.426446245517581701e-05 3.141433012671768665e+00 -6.357474485412240028e-04 2.042209234787151217e-04
1.068971687345765531e-05 3.141453504562377930e+00 -4.944144166074693203e-04 1.889343402581289411e-04
-3.875172478728927672e-05 3.141472339630126953e+00 -3.738011000677943230e-04 1.730424555717036128e-04
-7.613183697685599327e-05 3.141489729285240173e+00 -2.718573377933353186e-04 1.569582091178745031e-04
-1.033175722113810480e-04 3.141505479812622070e+00 -1.874612935353070498e-04 1.404001232003793120e-04
-1.220636986545287073e-04 3.141519546508789062e+00 -1.174874414573423564e-04 1.248564949491992593e-04
-1.338124420726671815e-04 3.141531944274902344e+00 -6.078851583879441023e-05 1.098373759305104613e-04
-1.398913009325042367e-04 3.141542915254831314e+00 -1.465786408516578376e-05 9.641219367040321231e-05
-1.413570862496271729e-04 3.141552448272705078e+00 2.186393066949676722e-05 8.413702744292095304e-05
-1.391706900903955102e-04 3.141560792922973633e+00 5.005460116080939770e-05 7.288628694368526340e-05
-1.341652241535484791e-04 3.141568172723054886e+00 7.147060387069359422e-05 6.304697308223694563e-05
-1.270181674044579268e-04 3.141574382781982422e+00 8.609660289948806167e-05 5.366820914787240326e-05
-1.184085049317218363e-04 3.141579866409301758e+00 9.571014379616826773e-05 4.535808329819701612e-05
-1.088374920072965324e-04 3.141584396362304688e+00 1.005607919069007039e-04 3.766451118281111121e-05
-9.878141281660646200e-05 3.141588211059570312e+00 1.017291433527134359e-04 3.073252082685939968e-05
-8.860849629854783416e-05 3.141591310501098633e+00 9.996772132581099868e-05 2.461297845002263784e-05
-7.861172343837097287e-05 3.141593694686889648e+00 9.637151379138231277e-05 1.969919685507193208e-05
-6.897457205923274159e-05 3.141595602035522461e+00 9.174832666758447886e-05 1.609732862561941147e-05
-5.979973866487853229e-05 3.141597270965576172e+00 8.590311335865408182e-05 1.314453947998117656e-05
-5.120942660141736269e-05 3.141598701477050781e+00 7.855603325879201293e-05 1.032710315485019237e-05
-4.335382254794239998e-05 3.141599653288722038e+00 6.981026035646209493e-05 7.514307071687653661e-06
-3.637279587564989924e-05 3.141600370407104492e+00 6.057645714463433251e-05 5.149038770468905568e-06
-3.031515007023699582e-05 3.141600847244262695e+00 5.075207809568382800e-05 2.894857288993080147e-06
-2.523994226066861302e-05 3.141601085662841797e+00 4.037368125864304602e-05 5.544349193087327876e-07
-2.120257340720854700e-05 3.141601085662841797e+00 2.948353346710064216e-05 -2.063849478872725740e-06
-1.825422077672556043e-05 3.141600847244262695e+00 1.813780909287743270e-05 -5.137711013958323747e-06
