8.517133360942399634e+01
5.644543430206958590e+01
2.923381112064176435e+01
6.330988355468005757e+00
-9.821716803113222483e+00
-1.971266403804827050e+01
-2.741529802321589671e+01
-3.811834585811250520e+01
-5.523058243443435344e+01
-7.699202160201372180e+01
-9.107854967628702525e+01
-7.803086760941101829e+01
-3.385994619526261573e+01
1.498400284175999353e+01
4.186992914825236056e+01
4.916156537116515324e+01
4.597430125329285744e+01
3.860295883695852126e+01
3.041308722340851389e+01
2.289758587448473293e+01
1.656396292384064850e+01
1.146744318674480922e+01
7.483584710563845555e+00
4.434745741645419237e+00
2.144629589360512956e+00
4.581401206283418626e-01
-7.541525350323569077e-01
-1.597139630158065593e+00
-2.154837195716251319e+00
-2.494090989856121876e+00
-2.667858896558187976e+00
-2.718017583963902251e+00
-2.677663721059207802e+00
-2.572842308191253036e+00
-2.423865990576389517e+00
-2.246870287291764967e+00
-2.053897681577768086e+00
-1.854387289789408255e+00
-1.655343814506685218e+00
-1.461915402848571688e+00
-1.277752454464310405e+00
-1.105319313300676898e+00
-9.462413810464700425e-01
-8.010785288844000096e-01
-6.703978346758655560e-01
-5.537934507841111298e-01
-4.507696661264299909e-01
-3.606380075620377323e-01
-2.826607648722066490e-01
-2.159005045275746160e-01
-1.592185198902213161e-01
-1.116922653629296436e-01
-7.232809994949962462e-02
-4.016657649690705961e-02
-1.430858900761658274e-02
6.053959476016404495e-03
2.173364645591048874e-02
3.342773937606739743e-02
4.176992389896402869e-02
4.732636686519164221e-02
5.050064754888972801e-02
5.196833884347576427e-02
5.192189040245055731e-02
5.076289291397889647e-02
4.874068578101681259e-02
4.607075688425972537e-02
4.308750438762418838e-02
3.979649607172917880e-02
3.636885222951702357e-02
3.285525886768878023e-02
2.934397283955513316e-02
2.601867087550276819e-02
2.283702313530881420e-02
1.996758150365835621e-02
1.726569642292886952e-02
1.479143444849855688e-02
1.255493570776002564e-02
1.045868651504362930e-02
8.707734510636722103e-03
7.104253532145853901e-03
5.804181814379327266e-03
4.628118635426927731e-03
3.607895429492260185e-03
2.766706545604371865e-03
1.942695612536585615e-03
1.319827219427337607e-03
7.359495953618856159e-04
2.788418874214596628e-04
-8.897954203579793559e-05
-3.332696447845235948e-04
-4.827447473138382107e-04
-6.423698934408374282e-04
-8.253010829944370250e-04
-9.932368523362922457e-04
-1.060750708558316898e-03
-1.133841788852125131e-03
-1.198599264939361744e-03
-1.254452045780953982e-03
-1.300009729359379290e-03
