3.254365124231793204e-04
1.852955937799614862e-04
3.914429828617957998e-05
-9.042512572410728842e-05
-1.763527114840117427e-04
-2.392348876174509823e-04
-3.084963166039682574e-04
-4.234684916097587390e-04
-5.693172283745220495e-04
-6.484928907085296896e-04
-5.652166653050061862e-04
-3.239769928999659300e-04
-1.023245033400835123e-04
3.232254120003881748e-05
1.441155313722232662e-04
1.373603624439825410e-04
7.371964071023103524e-05
7.379885382708107320e-05
-2.394270716520762806e-06
-1.364770742595111121e-05
7.874283149390211886e-06
-2.406663039547096169e-05
1.118547509599573113e-05
4.721940036117645866e-05
2.140202280745273452e-06
5.030221700736758146e-05
7.936063477612658606e-05
3.716531559922787737e-05
3.064337421385725719e-07
1.570821248978139181e-05
8.691733885950067868e-06
-4.263374226025944636e-06
-2.308896559343023890e-05
-4.967998864591808520e-05
2.213143852011329357e-06
-3.100369915533197820e-05
-2.920623722584057244e-05
-3.135799074923528848e-05
-2.890415836953663119e-05
-2.001520613977525004e-05
-3.895245210265380171e-07
3.503344373639647846e-05
-5.183640842884104553e-06
4.228056045686622781e-05
-1.614247458995309340e-05
-1.122659925175458623e-05
-5.261119627177560104e-05
-1.770405111146096871e-05
1.989680724066126912e-05
-1.010043341278651368e-05
-1.915787357015909782e-05
-1.002016579499349978e-05
3.714402327083889334e-06
-5.318649958097211973e-05
-3.519969686953759302e-05
-3.007155542855716884e-05
-2.325041664720425534e-05
-1.559983851611721885e-05
-1.142922390796370347e-05
-2.270106280128745022e-05
-3.778224913088359157e-05
2.067455353075673500e-05
1.438073045583482070e-05
-4.617742404669606076e-05
-3.320589296425177493e-05
-4.323624056442011362e-05
-6.628496496256953009e-05
-3.459210922501541628e-06
-2.271793919248082892e-05
4.653356346134849372e-06
-5.241687272213421862e-05
-2.049231131162343523e-05
-1.850862511904786443e-05
-4.485241258836480834e-06
1.853535876621888618e-05
5.649131300977384669e-05
1.972052494448146642e-05
-1.318346120024879214e-05
2.012779267469829578e-06
-2.211187739188340268e-05
-5.479479141382132906e-05
-1.391003485021049342e-05
-7.683720891828727515e-05
-2.784920272724883408e-05
2.056183720852669915e-05
3.219113238801768960e-06
2.775820165849423899e-05
-3.658055383359215204e-05
-3.687220459367381215e-05
-6.968016499582937410e-05
-2.522466577309495696e-05
1.504114292030316635e-05
1.972076096454987811e-05
-1.520097882433681002e-05
7.854740753397445086e-07
4.599823122892268961e-06
4.395324102152831482e-06
2.548972982280394698e-06
3.958442335689972330e-11
